0.000000000000000000e+00 3.826588459955726762e+02 3.804071875023442999e+02 3.846766693197466793e+02
1.000000000000000000e+00 3.850649862759534017e+02 3.827988547656449896e+02 3.870956373640716492e+02
2.000000000000000000e+00 3.875016214333464859e+02 3.852215933678264719e+02 3.895451005997877587e+02
3.000000000000000000e+00 3.899692412382306088e+02 3.876742198478792716e+02 3.920259716044246829e+02
4.000000000000000000e+00 3.924685052206892806e+02 3.901585487074166849e+02 3.945385615675848499e+02
5.000000000000000000e+00 3.950000216333546632e+02 3.926750768788260757e+02 3.970835642264437979e+02
6.000000000000000000e+00 3.975644077045643598e+02 3.952242171618864859e+02 3.996616259029244702e+02
7.000000000000000000e+00 4.001623099888005299e+02 3.978066157632529212e+02 4.022734135935144195e+02
8.000000000000000000e+00 4.027943955660704205e+02 4.004230364115970815e+02 4.049195277708378171e+02
9.000000000000000000e+00 4.054613350731272590e+02 4.030740851202818931e+02 4.076006956636375662e+02
1.000000000000000000e+01 4.081638250957536798e+02 4.057604822539104816e+02 4.103176020510627495e+02
1.100000000000000000e+01 4.109025768166282546e+02 4.084829065100032608e+02 4.130709690301352452e+02
1.200000000000000000e+01 4.136783337236749389e+02 4.112421189508730777e+02 4.158615467757582564e+02
1.300000000000000000e+01 4.164918533865288737e+02 4.140388890368400894e+02 4.186900829462002775e+02
1.400000000000000000e+01 4.193439118418262410e+02 4.168739611317813569e+02 4.215573641544752945e+02
1.500000000000000000e+01 4.222353022281989752e+02 4.197481160295833433e+02 4.244641933554793241e+02
1.600000000000000000e+01 4.251668424815103435e+02 4.226621905908071426e+02 4.274113847028382907e+02
1.700000000000000000e+01 4.281393726938305804e+02 4.256169684711218792e+02 4.303997562691738494e+02
1.800000000000000000e+01 4.311537722696337482e+02 4.286134334383606301e+02 4.334302614835825125e+02
1.900000000000000000e+01 4.342109240745170382e+02 4.316523818566163868e+02 4.365037327686119397e+02
2.000000000000000000e+01 4.373117345486041927e+02 4.347347203218032519e+02 4.396210963034057499e+02
2.100000000000000000e+01 4.404571514444298259e+02 4.378613945807143750e+02 4.427832905941538115e+02
2.200000000000000000e+01 4.436481439667250015e+02 4.410333682817694125e+02 4.459913140142992916e+02
2.300000000000000000e+01 4.468857080956697132e+02 4.442516807742827041e+02 4.492461507083041283e+02
2.400000000000000000e+01 4.501708738597024535e+02 4.475172494366544242e+02 4.525488600451345746e+02
2.500000000000000000e+01 4.535047244429179045e+02 4.508312040632970934e+02 4.559004748345168991e+02
2.600000000000000000e+01 4.568883009265866235e+02 4.541946471095691891e+02 4.593020934936213280e+02
2.700000000000000000e+01 4.603227497266387331e+02 4.576086483356173744e+02 4.627548812415068937e+02
2.800000000000000000e+01 4.638092295663620348e+02 4.610743324385296660e+02 4.662599508368628562e+02
2.900000000000000000e+01 4.673489272555075331e+02 4.645929590757049255e+02 4.698185427927099340e+02
3.000000000000000000e+01 4.709430637033800622e+02 4.681656877549403362e+02 4.734318522636351076e+02
3.100000000000000000e+01 4.745929083881048314e+02 4.717937755249828342e+02 4.771011796790845665e+02
3.200000000000000000e+01 4.782997658722580354e+02 4.754785674604526093e+02 4.808278126955081575e+02
3.300000000000000000e+01 4.820649935986760397e+02 4.792213463495439214e+02 4.846131307829525099e+02
3.400000000000000000e+01 4.858899814830934929e+02 4.830235590610353711e+02 4.884585207954357315e+02
3.500000000000000000e+01 4.897761609953888069e+02 4.868865910619055057e+02 4.923654250603919422e+02
3.600000000000000000e+01 4.937250014805496789e+02 4.908119402901975263e+02 4.963353180433312559e+02
3.700000000000000000e+01 4.977380379082843547e+02 4.948010672401525198e+02 5.003697620257148628e+02
3.800000000000000000e+01 5.018168421232311402e+02 4.988556164820755043e+02 5.044702961871327034e+02
3.900000000000000000e+01 5.059630441414842608e+02 5.029771299219565890e+02 5.086386248948618345e+02
4.000000000000000000e+01 5.101783373778856685e+02 5.071673391883745126e+02 5.128763869755972564e+02
4.100000000000000000e+01 5.144644585447276768e+02 5.114279671704485963e+02 5.171853504935804722e+02
4.200000000000000000e+01 5.188232124427310055e+02 5.157608073027926139e+02 5.215673350021639862e+02
4.300000000000000000e+01 5.232564600557190033e+02 5.201677022129500756e+02 5.260242208118495455e+02
4.400000000000000000e+01 5.277661192579256522e+02 5.246505535492576655e+02 5.305579038288232141e+02
4.500000000000000000e+01 5.370197676378858205e+02 5.338487456378699108e+02 5.398614060908521424e+02
4.600000000000000000e+01 5.417705737256781049e+02 5.385712614117045405e+02 5.446375514674833767e+02
4.700000000000000000e+01 5.466061813178645252e+02 5.433780755009203176e+02 5.494989775690486340e+02
4.800000000000000000e+01 5.515288898596520539e+02 5.482714703005947285e+02 5.544479805091374374e+02
4.900000000000000000e+01 5.565410793579155779e+02 5.532538072651423136e+02 5.594869089970403593e+02
5.000000000000000000e+01 5.616452100353986907e+02 5.583275754457465609e+02 5.646182764381267134e+02
5.100000000000000000e+01 5.668438349341097364e+02 5.634952555192368209e+02 5.698446239183272155e+02
5.200000000000000000e+01 5.721395874243693243e+02 5.687595433157464413e+02 5.751686109491954539e+02
5.300000000000000000e+01 5.775352134195096596e+02 5.741230703577751910e+02 5.805930233092886965e+02
5.400000000000000000e+01 5.830335938339279664e+02 5.795887309203668565e+02 5.861207349221479035e+02
5.500000000000000000e+01 5.886376801278397579e+02 5.851595213238349515e+02 5.917547114137424842e+02
5.600000000000000000e+01 5.943505341741166603e+02 5.908384366839375161e+02 5.974980094447017791e+02
5.700000000000000000e+01 6.001753768289381696e+02 5.966286794701505869e+02 6.033538670353967746e+02
5.800000000000000000e+01 6.061155297885685513e+02 6.025335732277947045e+02 6.093256822435592994e+02
5.900000000000000000e+01 6.121744282155281098e+02 6.085564999049711332e+02 6.154168294454672150e+02
6.000000000000000000e+01 6.183556909112461426e+02 6.147010835665748800e+02 6.216309925803158194e+02
6.100000000000000000e+01 6.246630616552840820e+02 6.209710871645434054e+02 6.279718692897170058e+02
6.200000000000000000e+01 6.311004346223026005e+02 6.273702805107220684e+02 6.344435288261317964e+02
6.300000000000000000e+01 6.376718649945282777e+02 6.339027523226332050e+02 6.410498908033245016e+02
6.400000000000000000e+01 6.443815961055498747e+02 6.405727817630788650e+02 6.477953007282642375e+02
6.500000000000000000e+01 6.512340127595049353e+02 6.473846645272187743e+02 6.546840997983663328e+02
6.600000000000000000e+01 6.582337594779825167e+02 6.543429643488703960e+02 6.617209852524827056e+02
6.700000000000000000e+01 6.653856110231606635e+02 6.614525031214166120e+02 6.689108387903950188e+02
6.800000000000000000e+01 6.726945732465889023e+02 6.687182907278621542e+02 6.762585996645664181e+02
6.900000000000000000e+01 6.801659048012817266e+02 6.761454513976161707e+02 6.837695490314396238e+02
7.000000000000000000e+01 6.878050010491414241e+02 6.837395438536946131e+02 6.914489282242511763e+02
